Accuracy,TRAIN,TEST,Pred_probas,CM,Classification report,Scores
0.40404040404,"[  0   1   2   3   5   6   7   8   9  10  11  12  13  15  16  17  18  19
  20  21  23  24  25  26  27  28  30  31  32  33  34  35  36  37  38  39
  40  41  42  43  44  45  46  47  48  49  50  51  52  53  54  55  56  57
  58  59  60  61  64  66  67  68  69  70  71  72  73  74  75  76  77  79
  81  82  83  85  86  87  88  89  90  91  93  94  95  96  97  99 100 101
 102 103 104 105 106 108 109 110 112 114 115 116 117 118 119 120 121 122
 123 125 126 127 128 129 130 131 132 133 134 135 136 137 138 139 140 141
 142 143 144 145 146 147 148 149 150 151 152 153 154 155 156 157 158 159
 160 161 163 164 165 166 167 168 170 171 172 173 174 175 176 177 178 179
 180 181 182 183 184 185 186 189 190 191 192 193 194 196 197 198 199 200
 201 202 203 204 205 206 207 209 210 211 212 213 214 215 216 217 218 219
 220 221 222 223 225 226 227 228 229 230 232 233 234 235 236 237 238 239
 240 241 242 243 245 246 248 250 251 252 253 254 255 256 257 258 259 260
 261 262 263 266 267 268 269 270 271 272 273 275 277 278 279 280 281 282
 283 284 286 287 288 290 291 292 293 295 296 297 298 299 300 301 302 303
 304 305 307 308 309 311 312 313 314 315 316 317 318 319 321 322 323 324
 325 326 327 328 330 331 332 334 335 336 337 338 339 340 341 342 343 344
 345 346 347 348 349 350 351 352 353 354 355 356 357 358 359 361 362 363
 364 365 366 368 369 370 371 372 373 374 375 376 378 379 380 381 382 383
 384 385 386 387 388 389 390 391 393 394 395 396 397 398 399 400 401 402
 403 404 405 406 407 408 409 410 411 412 413 414 415 416 417 418 419 420
 421 422 423 424 425 426 427 428 429 430 431 432 433 435 436 437 438 440
 441 442 443 444 445 446 447 448 449 450 451 452 453 454 455 456 457 458
 459 460 461 462 463 464 465 466 467 468 469 470 471 472 473 474 475 476
 479 480 484 485 486 488 489 490 491 492 493 494 495 496 497 498 499 500
 501 502 503 504 505 506 507 508 509 510 512 513 514 515 516 517 518 519
 520 521 523 524 526 527 528 529 530 532 533 534 535 536 537 538 539 540
 541 542 543 544 545 546 547 548 551 552 553 554 555 556 557 558 559 560
 561 562 563 565 566 568 569 570 571 572 573 574 575 576 577 578 579 581
 582 583 584 586 587 588 589 590 591 592 593 595 596 597 598 599 600 602
 603 605 607 608 609 610 611 612 613 616 617 618 619 620 621 622 623 624
 625 626 627 628 629 630 631 633 634 635 636 637 638 639 640 641 642 643
 644 645 646 647 648 650 651 652 653 656 657 659 660 661 662 663 665 666
 667 669 670 671 672 673 674 675 676 677 678 679 680 681 682 683 684 685
 686 687 688 689 690 691 692 694 695 696 697 698 699 700 701 702 703 704
 705 706 707 708 709 710 711 712 713 714 715 716 717 718 719 720 721 722
 723 724 725 726 727 728 729 730 731 732 733 734 736 737 738 739 740 741
 742 744 745 746 747 748 749 750 751 752 753 754 755 756 757 758 759 760
 761 762 763 766 767 768 769 770 771 772 773 774 775 776 777 778 779 780
 781 782 783 785 786 787 789 790 791 792 793 794 795 797 798 799 800 801
 802 804 805 806 807 808 810 811 812 813 814 815 816 817 818 819 820 821
 822 823 824 825 826 827 828 829 831 832 833 835 836 837 838 839 840 841
 843 844 845 847 848 849 850 852 853 854 855 856 857 858 859 860 861 862
 863 864 865 866 867 868 870 871 872 874 875 877 878 879 880 881 882 883
 884 885 886 887 888 889 890 891 892 893 894 895 896 897 898 899 900 901
 902 903 904 905 907 908 909 910 911 912 913 914 915 916 917 918 920 921
 922 923 924 925 927 928 929 931 932 933 934 935 936 937 938 940 942 943
 944 945 946 947 948 949 950 952 953 954 955]","[  4  14  22  29  62  63  65  78  80  84  92  98 107 111 113 124 162 169
 187 188 195 208 224 231 244 247 249 264 265 274 276 285 289 294 306 310
 320 329 333 360 367 377 392 434 439 477 478 481 482 483 487 511 522 525
 531 549 550 564 567 580 585 594 601 604 606 614 615 632 649 654 655 658
 664 668 693 735 743 764 765 784 788 796 803 809 830 834 842 846 851 869
 873 876 906 919 926 930 939 941 951]","[[  6.33686701e-01   7.35330855e-02   3.09406705e-02   4.12058810e-03
    3.60559901e-02   7.82323234e-03   7.10499362e-02   7.16233299e-02
    7.11664667e-02]
 [  5.59333581e-01   7.11588393e-02   6.58667694e-02   6.14155610e-02
    2.07208624e-02   2.11717093e-02   6.69456645e-02   6.47408015e-02
    6.86462118e-02]
 [  6.66754294e-01   7.58950421e-02   1.32671374e-02   1.49713942e-02
    2.50139735e-03   1.25453758e-02   7.12768553e-02   7.04458767e-02
    7.23426274e-02]
 [  1.09139880e-01   1.49102012e-01   5.39782092e-02   1.71019620e-01
    2.24878401e-02   7.11090102e-02   1.41260474e-01   1.37941690e-01
    1.43961264e-01]
 [  6.03231854e-01   6.84443811e-02   8.04888565e-02   1.89601321e-02
    1.12658110e-02   2.28705499e-02   6.48537112e-02   6.38451102e-02
    6.60395937e-02]
 [  5.46642851e-01   6.84102062e-02   1.12350877e-01   5.25218953e-02
    1.10389768e-02   1.64067082e-02   6.43176513e-02   6.22136008e-02
    6.60972332e-02]
 [  5.93546929e-01   6.71745872e-02   1.24816688e-01   9.74453327e-03
    2.20151079e-03   1.50064404e-02   6.23872321e-02   6.12029087e-02
    6.39191704e-02]
 [  6.53402324e-01   7.79713840e-02   1.73921282e-02   1.75108192e-02
    4.50059906e-03   8.24244107e-03   7.36803221e-02   7.27645818e-02
    7.45354010e-02]
 [  4.34217073e-01   8.94554671e-02   3.74021262e-02   7.23977797e-02
    9.53117795e-02   1.51112800e-02   8.55604184e-02   8.35399787e-02
    8.70040974e-02]
 [  8.63654138e-04   2.22333479e-01   6.77630247e-02   1.57013469e-03
    5.16122601e-02   2.39174700e-02   2.10178402e-01   2.10539518e-01
    2.11222057e-01]
 [  1.69124172e-01   1.45433330e-01   1.21922616e-02   7.22118414e-02
    3.59118926e-02   1.46166940e-01   1.39681193e-01   1.38887887e-01
    1.40390482e-01]
 [  7.14992259e-02   1.30435128e-01   2.28249606e-02   1.40776223e-01
    3.91016177e-02   2.17082159e-01   1.25873307e-01   1.26262341e-01
    1.26145039e-01]
 [  1.12953660e-07   1.19018728e-01   2.61112565e-01   1.16532317e-01
    7.93937047e-02   7.52659146e-02   1.15928152e-01   1.16814796e-01
    1.15933710e-01]
 [  2.26900975e-12   1.11650402e-01   6.14576781e-02   2.52289657e-02
    6.51649511e-02   4.00992204e-01   1.11437131e-01   1.13408595e-01
    1.10660073e-01]
 [  5.87715348e-03   1.50269195e-01   1.99255515e-01   4.05012396e-02
    1.03171283e-01   6.91079256e-02   1.44129692e-01   1.41037548e-01
    1.46650448e-01]
 [  6.13538873e-01   8.57222297e-02   3.21760216e-02   6.75212344e-03
    1.06726705e-02   8.85727603e-03   8.04234257e-02   8.09108128e-02
    8.09465667e-02]
 [  1.89707120e-07   1.07146037e-01   3.36913984e-03   2.10937236e-01
    1.30867837e-01   2.32929306e-01   1.04306537e-01   1.07937517e-01
    1.02506199e-01]
 [  5.21319093e-14   9.67337978e-02   1.38180629e-02   1.82291918e-01
    1.89396598e-01   2.11777859e-01   1.02271771e-01   1.02563783e-01
    1.01146210e-01]
 [  1.54300829e-10   1.09063491e-01   2.68393933e-01   6.09729686e-02
    1.81010347e-01   5.83520211e-02   1.07464660e-01   1.05867046e-01
    1.08875534e-01]
 [  1.73875723e-18   8.49473862e-02   1.51671837e-01   1.93104192e-02
    3.02934518e-01   1.81326073e-01   8.65831533e-02   8.63746589e-02
    8.68519543e-02]
 [  3.00866782e-08   9.75373116e-02   3.77080722e-01   1.43897072e-01
    6.30041872e-02   3.31913128e-02   9.54725967e-02   9.24669818e-02
    9.73497864e-02]
 [  1.10240047e-05   1.18510412e-01   5.09449620e-01   7.58039928e-03
    1.33505067e-02   1.09091466e-02   1.13115352e-01   1.12395055e-01
    1.14678485e-01]
 [  1.86167010e-08   1.12661540e-01   3.15901912e-01   1.01128078e-01
    9.55166815e-02   3.89994413e-02   1.12290941e-01   1.09737221e-01
    1.13764167e-01]
 [  9.69361464e-12   1.48724513e-01   2.41921944e-01   1.25826407e-01
    1.48144646e-02   4.52134349e-03   1.55106616e-01   1.55230135e-01
    1.53854578e-01]
 [  4.32988728e-08   9.06613578e-02   2.51058379e-01   3.06642917e-01
    5.58557910e-02   2.12443091e-02   9.16340018e-02   9.14858313e-02
    9.14173697e-02]
 [  4.42950483e-02   1.02457074e-01   3.56511513e-01   1.36230509e-01
    4.50835803e-02   1.47227943e-02   1.00060901e-01   1.00283339e-01
    1.00355241e-01]
 [  1.38156829e-09   1.04425537e-01   2.49989205e-01   1.83052273e-01
    8.64328249e-02   5.72935648e-02   1.06575546e-01   1.05190607e-01
    1.07040441e-01]
 [  1.10105762e-10   8.59648911e-02   8.77055095e-02   3.77496430e-01
    5.09397484e-02   1.40548071e-01   8.62340632e-02   8.35089722e-02
    8.76023147e-02]
 [  5.32988754e-10   7.32604938e-02   4.53805559e-04   2.53729834e-01
    6.79177106e-02   3.77754978e-01   7.57028466e-02   7.64209923e-02
    7.47593382e-02]
 [  2.91739872e-20   7.20495756e-02   5.42394552e-02   6.58145620e-02
    2.32393481e-01   3.48606323e-01   7.60851035e-02   7.40571230e-02
    7.67543761e-02]
 [  1.78527542e-04   1.12324477e-01   1.74171656e-01   2.04147667e-01
    9.62156845e-02   8.63352004e-02   1.09403097e-01   1.05457301e-01
    1.11766389e-01]
 [  1.71982394e-10   1.85768528e-01   5.18582403e-02   5.09380890e-02
    6.64026812e-02   7.63209803e-02   1.89182654e-01   1.93326733e-01
    1.86202094e-01]
 [  5.47186116e-15   1.16556632e-01   2.99225100e-02   6.34017305e-02
    3.15668988e-01   1.16726709e-01   1.19422590e-01   1.19466980e-01
    1.18833860e-01]
 [  1.59054151e-07   1.56309351e-01   1.05309425e-02   1.17215760e-02
    3.24399371e-01   2.74165171e-02   1.56446678e-01   1.58773973e-01
    1.54401432e-01]
 [  5.34947247e-09   1.35695282e-01   1.20847636e-02   1.36076878e-01
    1.63262392e-01   1.36900316e-01   1.38778199e-01   1.39942980e-01
    1.37259186e-01]
 [  5.04770017e-06   1.22308954e-01   4.37504479e-02   1.49769878e-01
    1.68397328e-01   1.45849958e-01   1.23724621e-01   1.21652754e-01
    1.24541012e-01]
 [  2.41050634e-03   1.59778052e-01   2.51310070e-01   7.64583301e-02
    2.52146145e-02   2.34172246e-02   1.54118942e-01   1.50908460e-01
    1.56383801e-01]
 [  8.23558121e-11   1.42869787e-01   1.62647113e-01   1.31358428e-01
    4.82142639e-02   9.26531513e-02   1.40516371e-01   1.40106428e-01
    1.41634458e-01]
 [  1.59411271e-15   1.09467145e-01   5.51279116e-02   4.77309463e-02
    3.09475376e-01   1.56499619e-01   1.06809135e-01   1.07643370e-01
    1.07246498e-01]
 [  1.28795015e-02   8.01568375e-02   4.38702088e-02   5.87827817e-01
    1.87287916e-02   1.28590332e-02   8.11955507e-02   8.21497713e-02
    8.03324888e-02]
 [  1.54887558e-11   5.58110457e-02   1.98427467e-01   4.65243829e-01
    1.02732334e-01   5.40814685e-03   5.76570195e-02   5.70554217e-02
    5.76647359e-02]
 [  4.25779763e-09   7.30740070e-02   3.63880558e-02   5.62543063e-01
    4.79955089e-02   5.38090667e-02   7.55802673e-02   7.55277125e-02
    7.50823149e-02]
 [  6.10709782e-01   7.21915779e-02   1.55092402e-03   6.32941852e-02
    1.24245994e-02   2.88428252e-02   7.01596970e-02   7.10314500e-02
    6.97949591e-02]
 [  4.36101142e-12   5.30645706e-02   7.17563787e-04   2.05093578e-01
    2.11776062e-01   3.63664660e-01   5.53379818e-02   5.55973872e-02
    5.47481961e-02]
 [  3.48231898e-04   1.69753013e-01   2.22643890e-03   1.04305590e-01
    1.75986082e-01   4.10267578e-02   1.68666192e-01   1.71417191e-01
    1.66270504e-01]
 [  2.40240560e-09   9.48799653e-02   9.53036461e-02   1.26043890e-01
    3.80438711e-01   1.93793952e-02   9.45007841e-02   9.56108965e-02
    9.38427085e-02]
 [  1.51722345e-12   1.34749418e-01   7.11640768e-03   6.92179387e-02
    3.44481331e-01   3.62965776e-02   1.35650156e-01   1.39652887e-01
    1.32835285e-01]
 [  5.47725280e-14   7.77559110e-02   2.24887427e-02   8.38729384e-02
    5.32607738e-01   4.76783171e-02   7.84542512e-02   7.99008975e-02
    7.72412042e-02]
 [  3.59251308e-14   8.65340292e-02   6.57233858e-03   4.62823275e-02
    4.93718019e-01   1.08953574e-01   8.56988954e-02   8.79542627e-02
    8.42865533e-02]
 [  5.66908623e-16   6.79120861e-02   1.79761045e-01   1.47218542e-02
    5.25689146e-01   9.80985711e-03   6.71979542e-02   6.77770934e-02
    6.71309637e-02]
 [  4.11711891e-18   5.92054655e-02   1.49229954e-01   1.99519008e-01
    4.09094034e-01   4.45947313e-03   5.93409927e-02   6.06268101e-02
    5.85242630e-02]
 [  8.82396312e-14   1.20271488e-01   2.24746397e-01   8.44507919e-02
    1.56102560e-01   4.64984616e-02   1.22800546e-01   1.22614583e-01
    1.22515172e-01]
 [  3.58009344e-01   8.13179676e-02   6.54680223e-02   2.36433553e-01
    1.67057888e-02   1.06086483e-02   7.73826495e-02   7.52509905e-02
    7.88230363e-02]
 [  1.87630636e-08   9.66377152e-02   9.18692649e-02   1.64494270e-01
    3.42547277e-01   1.03334812e-02   9.78612140e-02   9.95646604e-02
    9.66920982e-02]
 [  7.47279270e-07   1.30767458e-01   1.55722512e-01   9.44356614e-02
    1.72174506e-01   6.74761777e-02   1.26636778e-01   1.24401618e-01
    1.28384541e-01]
 [  5.58108880e-15   1.55277743e-01   6.52682029e-02   7.41380326e-02
    7.60099527e-02   1.47605444e-01   1.60582954e-01   1.61775805e-01
    1.59341866e-01]
 [  1.31077671e-17   1.28483991e-01   8.37137531e-02   6.74551954e-02
    1.91530490e-01   1.34798074e-01   1.31553558e-01   1.31410177e-01
    1.31054761e-01]
 [  6.34775432e-21   9.00868944e-02   8.39914108e-02   6.44476394e-02
    1.06189684e-01   3.72281491e-01   9.44761369e-02   9.43502871e-02
    9.41764566e-02]
 [  1.08209422e-17   1.19499050e-01   4.00598820e-02   5.27773788e-02
    2.81962279e-01   1.30432148e-01   1.25304754e-01   1.25754288e-01
    1.24210220e-01]
 [  1.03822341e-09   1.66386770e-01   2.30411748e-02   3.73504321e-02
    2.03583488e-01   7.57389658e-02   1.63892597e-01   1.67573760e-01
    1.62432811e-01]
 [  1.17464397e-19   1.10351051e-01   1.07760319e-01   1.06665696e-02
    1.33934414e-01   2.88741583e-01   1.16379741e-01   1.16154497e-01
    1.16011827e-01]
 [  2.70769423e-09   8.02286518e-02   1.71269365e-02   5.67893344e-03
    1.09141447e-03   6.71588610e-01   7.42866115e-02   7.65746497e-02
    7.34241903e-02]
 [  2.93059822e-08   1.31458857e-01   7.40929529e-04   2.25099465e-02
    1.43412563e-02   4.50138656e-01   1.25778051e-01   1.31180706e-01
    1.23851567e-01]
 [  2.41080668e-14   1.51035658e-01   3.67666576e-03   1.06510097e-02
    7.97800440e-02   3.00054470e-01   1.50960679e-01   1.55023498e-01
    1.48817976e-01]
 [  9.16045048e-10   1.47601421e-01   1.42554204e-02   8.29315279e-02
    4.31496269e-02   2.77478504e-01   1.43877674e-01   1.49456072e-01
    1.41249753e-01]
 [  4.80976119e-16   1.19510427e-01   4.94266286e-02   1.94603693e-01
    1.68555262e-01   9.63595397e-02   1.23826024e-01   1.25736821e-01
    1.21981605e-01]
 [  2.32760792e-08   1.39503031e-01   4.20087552e-03   1.37964193e-02
    3.74542763e-01   4.50755517e-02   1.40597191e-01   1.45771207e-01
    1.36512940e-01]
 [  1.27723181e-04   1.00158561e-01   1.87583930e-04   2.07481683e-01
    1.67446963e-02   3.88564182e-01   9.49380254e-02   9.95749693e-02
    9.22225755e-02]
 [  1.93419684e-08   1.49538738e-01   9.17232592e-03   1.54486322e-01
    8.50342712e-02   1.42611347e-01   1.52705561e-01   1.55724444e-01
    1.50726971e-01]
 [  9.47478497e-13   9.80453040e-02   2.88341294e-01   1.18194022e-01
    1.19303285e-01   8.15603110e-02   9.84682427e-02   9.61991571e-02
    9.98883846e-02]
 [  2.39983946e-16   1.08503032e-01   6.26232463e-02   1.09065994e-02
    1.39571476e-01   3.37793655e-01   1.13853952e-01   1.12455152e-01
    1.14292888e-01]
 [  3.46737967e-06   8.11840161e-02   5.52605927e-03   3.17256932e-01
    2.14299374e-01   1.31245778e-01   8.36723939e-02   8.34636632e-02
    8.33483160e-02]
 [  3.31322839e-07   8.17653418e-02   9.85213362e-04   4.20218195e-01
    4.11586484e-02   2.00933843e-01   8.50484038e-02   8.61363073e-02
    8.37537161e-02]
 [  4.71927201e-11   8.22423468e-02   9.37144595e-02   3.06763266e-01
    3.91183133e-02   2.26493063e-01   8.44378580e-02   8.16435607e-02
    8.55871320e-02]
 [  4.96586509e-09   1.28518870e-01   2.12293800e-02   1.50986541e-01
    7.23416264e-02   2.37209592e-01   1.30377317e-01   1.27937516e-01
    1.31399152e-01]
 [  2.03893381e-16   1.14923707e-01   4.96680396e-02   9.41915634e-02
    3.06616747e-02   3.52628960e-01   1.19354868e-01   1.19560812e-01
    1.19010375e-01]
 [  2.04427107e-15   1.65646595e-01   1.08093002e-02   8.80894366e-02
    8.25381140e-02   1.31537257e-01   1.73850870e-01   1.76848585e-01
    1.70679843e-01]
 [  1.18001027e-14   9.53431455e-02   1.63290722e-02   1.13487381e-01
    4.02882728e-01   6.76555068e-02   1.01707559e-01   1.02064460e-01
    1.00530148e-01]
 [  6.29921841e-06   1.30145821e-01   3.40893740e-03   4.78294683e-02
    3.71819303e-01   4.30602741e-02   1.34372765e-01   1.36595765e-01
    1.32761366e-01]
 [  1.01679846e-09   1.12729826e-01   3.27902956e-02   2.23758523e-01
    1.26861155e-01   1.58705856e-01   1.15537039e-01   1.13860285e-01
    1.15757020e-01]
 [  6.87775219e-11   1.48626927e-01   1.29354855e-01   4.15897044e-02
    3.73152090e-02   1.93565976e-01   1.50299425e-01   1.47468783e-01
    1.51779120e-01]
 [  5.65021007e-09   1.31058355e-01   1.58864158e-02   2.35590462e-01
    5.04429962e-02   1.65842245e-01   1.33394560e-01   1.36388181e-01
    1.31396779e-01]
 [  1.16555872e-13   1.62812276e-01   3.43623833e-02   3.03744056e-02
    1.00992909e-01   1.64760138e-01   1.68921168e-01   1.70427199e-01
    1.67349522e-01]
 [  1.53870285e-08   1.38469041e-01   1.58571944e-01   1.62340550e-01
    7.82450485e-02   3.94755404e-02   1.41284527e-01   1.40362870e-01
    1.41250464e-01]
 [  2.42581871e-11   1.50132725e-01   6.78064640e-03   2.41912930e-02
    3.38013802e-01   1.26220138e-02   1.56281262e-01   1.58753633e-01
    1.53224625e-01]
 [  9.50350422e-15   1.35441285e-01   1.24719015e-01   4.26152652e-02
    1.00509487e-01   1.76269288e-01   1.40391329e-01   1.40233220e-01
    1.39821111e-01]
 [  3.77545449e-16   1.05930067e-01   1.08903519e-01   3.47146378e-02
    4.00670285e-01   1.55512708e-02   1.11632601e-01   1.12302493e-01
    1.10295127e-01]
 [  4.96009628e-03   1.68362968e-01   1.30230904e-01   9.15551888e-02
    5.57979955e-02   5.54471956e-02   1.65032696e-01   1.61322380e-01
    1.67290576e-01]
 [  9.80114674e-13   1.21140730e-01   1.67492501e-02   6.50661070e-02
    1.97798782e-01   2.22775329e-01   1.25520289e-01   1.27016519e-01
    1.23932995e-01]
 [  7.35967282e-11   1.79505673e-01   2.19635085e-01   5.15976801e-02
    1.40075572e-02   1.12682368e-02   1.73274282e-01   1.79088681e-01
    1.71622806e-01]
 [  7.07586444e-17   1.05751441e-01   4.81178560e-02   1.17614204e-01
    1.78982057e-01   2.18049626e-01   1.10855406e-01   1.10209492e-01
    1.10419918e-01]
 [  7.42514698e-14   1.15992270e-01   3.31029327e-02   9.39999698e-02
    9.04838088e-02   3.05749644e-01   1.20524770e-01   1.19902393e-01
    1.20244211e-01]
 [  1.10176325e-03   1.98082378e-01   1.36392504e-02   4.18156412e-02
    1.29562858e-01   1.61385442e-02   2.00065780e-01   2.00954651e-01
    1.98639134e-01]
 [  1.53158859e-20   8.13585233e-02   1.17260396e-01   5.80775543e-02
    1.69282938e-01   3.17416517e-01   8.55935740e-02   8.58889654e-02
    8.51215315e-02]
 [  1.42162433e-14   1.14169185e-01   1.56783610e-01   1.95679213e-01
    7.82050790e-02   9.59974550e-02   1.20067744e-01   1.19197945e-01
    1.19899770e-01]
 [  6.13366677e-13   1.82191421e-01   2.84392969e-02   4.52841457e-02
    2.74830977e-02   1.41927260e-01   1.91727216e-01   1.93183125e-01
    1.89764438e-01]
 [  2.53543975e-09   1.59585418e-01   2.17012239e-02   3.20650776e-02
    2.32540493e-01   7.41810573e-02   1.59901435e-01   1.60801429e-01
    1.59223862e-01]
 [  2.51422323e-08   2.01688565e-01   6.70094553e-02   1.65571496e-02
    7.41456182e-02   2.81719543e-02   2.03914296e-01   2.05799863e-01
    2.02713074e-01]
 [  3.11752069e-12   1.41995693e-01   1.52044005e-01   2.00191916e-02
    1.30789160e-01   1.11888843e-01   1.48069208e-01   1.47085318e-01
    1.48108582e-01]]","[[ 6  0  0  1  0  0  0  0  0]
 [ 4  1  2  0  0  3  0  0  0]
 [ 0  0  7  1  1  1  0  0  0]
 [ 1  0  2  5  5  2  0  1  0]
 [ 1  0  1  0 12  2  0  1  0]
 [ 0  0  1  4  1  9  0  1  0]
 [ 0  0  0  2  2  1  0  2  0]
 [ 0  1  0  1  2  2  0  0  0]
 [ 0  0  2  1  1  3  0  3  0]]","             precision    recall  f1-score   support

          1       0.50      0.86      0.63         7
          3       0.50      0.10      0.17        10
          5       0.47      0.70      0.56        10
          7       0.33      0.31      0.32        16
          9       0.50      0.71      0.59        17
         11       0.39      0.56      0.46        16
         13       0.00      0.00      0.00         7
         15       0.00      0.00      0.00         6
         17       0.00      0.00      0.00        10

avg / total       0.34      0.40      0.35        99
","                                                  1   \
0  [[0.932584269663, 0.932584269663, 0.9438202247...   

                                                  3   \
0  [[0.898876404494, 0.898876404494, 0.8988764044...   

                                                  5   \
0  [[0.898876404494, 0.898876404494, 0.8988764044...   

                                                  7   \
0  [[0.842696629213, 0.842696629213, 0.8426966292...   

                                                  9   \
0  [[0.820224719101, 0.820224719101, 0.8202247191...   

                                                  11  \
0  [[0.831460674157, 0.831460674157, 0.8314606741...   

                                                  13  \
0  [[0.932584269663, 0.932584269663, 0.9325842696...   

                                                  15  \
0  [[0.943820224719, 0.943820224719, 0.9438202247...   

                                                  17  
0  [[0.898876404494, 0.898876404494, 0.8988764044...  "
0.484848484848,"[  0   1   2   3   4   5   7   8   9  11  12  14  15  16  17  18  19  21
  22  23  24  25  26  28  29  30  31  32  33  35  36  37  38  39  40  41
  42  43  44  45  46  47  48  49  50  52  53  54  55  56  57  58  59  60
  61  62  63  64  65  66  67  68  69  70  72  73  74  75  76  77  78  79
  80  81  82  83  84  85  86  88  89  92  93  96  97  98  99 100 101 102
 103 104 105 106 107 108 109 110 111 112 113 114 115 116 117 118 119 120
 121 122 123 124 125 126 127 128 129 132 133 134 135 136 137 138 139 140
 141 142 143 144 145 146 147 148 150 151 152 153 154 155 157 158 159 160
 161 162 163 164 165 166 167 168 169 170 171 172 173 175 176 177 178 179
 181 182 183 184 186 187 188 189 190 191 192 193 194 195 196 197 198 200
 201 202 203 204 205 206 207 208 209 211 212 213 214 215 216 217 220 221
 223 224 225 226 227 228 229 230 231 232 233 234 235 236 237 238 239 240
 241 242 243 244 246 247 248 249 250 251 252 253 255 256 257 258 259 260
 261 262 264 265 266 267 268 269 271 272 274 275 276 277 278 279 280 281
 282 284 285 286 287 288 289 290 291 292 293 294 295 296 297 298 299 300
 301 302 303 304 305 306 307 308 309 310 311 313 315 317 318 319 320 321
 322 323 324 326 327 328 329 330 332 333 334 335 336 337 338 339 340 341
 342 343 344 345 346 347 348 349 350 351 352 353 354 355 356 357 358 359
 360 361 362 363 364 365 366 367 368 369 370 371 372 373 374 375 376 377
 378 380 382 383 384 386 387 388 389 391 392 393 394 395 396 397 399 401
 402 403 404 405 406 407 408 409 410 412 413 414 415 416 417 418 419 420
 421 422 424 425 426 427 428 429 430 431 433 434 435 436 437 439 440 441
 442 444 445 446 448 449 450 451 452 453 454 455 456 457 458 459 460 461
 463 464 467 468 469 470 471 472 473 474 475 476 477 478 479 480 481 482
 483 484 485 487 488 489 490 491 493 494 495 496 497 498 499 500 501 502
 505 506 507 508 509 510 511 512 513 514 515 516 517 518 519 521 522 524
 525 527 528 529 530 531 533 534 535 536 537 538 539 540 541 542 543 544
 546 547 548 549 550 551 552 553 554 555 556 557 558 559 560 561 562 563
 564 565 566 567 568 569 570 571 572 573 574 575 576 577 578 579 580 581
 582 583 584 585 586 587 588 589 590 591 592 593 594 595 596 597 599 600
 601 602 603 604 605 606 607 609 610 611 612 613 614 615 616 618 619 620
 621 622 625 626 627 628 630 631 632 633 634 635 636 637 638 639 640 641
 643 644 645 646 647 648 649 650 651 652 653 654 655 656 658 660 661 662
 663 664 665 666 667 668 669 670 671 672 673 674 675 676 677 678 679 680
 682 683 684 685 686 688 689 690 692 693 694 696 697 698 699 700 701 702
 703 704 705 706 707 708 709 710 711 712 713 715 716 717 718 719 720 721
 722 723 724 725 726 727 728 729 731 732 733 734 735 736 738 739 741 742
 743 744 745 746 747 748 749 750 751 752 753 754 755 756 757 758 759 760
 761 762 764 765 766 767 768 769 770 771 772 773 774 775 776 777 778 779
 780 782 784 785 786 787 788 789 790 791 792 793 794 795 796 797 798 799
 801 802 803 806 807 809 810 811 812 813 814 815 816 817 819 820 821 822
 823 824 825 826 827 828 829 830 831 833 834 835 836 837 838 839 840 841
 842 843 845 846 848 849 850 851 852 853 854 855 856 857 858 860 861 862
 863 864 866 867 868 869 870 871 872 873 874 875 876 877 878 879 880 881
 882 883 884 885 886 887 888 890 891 892 893 894 895 896 897 898 899 900
 901 903 904 906 907 908 909 910 912 913 914 915 916 917 919 921 922 923
 924 925 926 927 928 929 930 931 932 933 934 935 936 938 939 940 941 942
 944 945 946 947 948 949 950 951 952 953 955]","[  6  10  13  20  27  34  51  71  87  90  91  94  95 130 131 149 156 174
 180 185 199 210 218 219 222 245 254 263 270 273 283 312 314 316 325 331
 379 381 385 390 398 400 411 423 432 438 443 447 462 465 466 486 492 503
 504 520 523 526 532 545 598 608 617 623 624 629 642 657 659 681 687 691
 695 714 730 737 740 763 781 783 800 804 805 808 818 832 844 847 859 865
 889 902 905 911 918 920 937 943 954]","[[  6.03629803e-01   6.90950986e-02   1.42091722e-01   1.32942496e-02
    2.65989077e-03   6.05278485e-03   6.39486121e-02   6.31807529e-02
    3.60470860e-02]
 [  7.07062441e-01   8.13567385e-02   6.78831781e-03   2.42929367e-02
    5.13493368e-03   1.37595018e-02   7.63559422e-02   7.68310306e-02
    8.41815751e-03]
 [  5.34982435e-01   6.07790904e-02   1.03001347e-01   1.57918695e-01
    1.70862490e-02   7.92281963e-03   5.60558420e-02   5.50836308e-02
    7.16989148e-03]
 [  6.79527737e-01   7.78576961e-02   4.06932761e-02   1.67870476e-02
    1.40390835e-03   2.56814808e-02   7.19557910e-02   7.16781138e-02
    1.44149495e-02]
 [  4.62378111e-01   1.39409532e-01   2.61465397e-02   1.99905152e-02
    3.30372374e-02   2.32145690e-02   1.30582264e-01   1.30208260e-01
    3.50329710e-02]
 [  7.15578127e-01   8.26975209e-02   1.53273042e-02   5.46671147e-03
    8.64280827e-03   8.73816840e-03   7.72545997e-02   7.75337911e-02
    8.76096891e-03]
 [  2.61757095e-01   8.82428018e-02   3.20716175e-01   8.49539569e-03
    3.03296785e-03   6.44976797e-02   8.21709215e-02   8.07600951e-02
    9.03268681e-02]
 [  3.93755328e-04   2.13329310e-01   7.64143293e-02   5.82258185e-02
    1.18598572e-01   1.94001072e-02   2.09368006e-01   2.08487487e-01
    9.57826139e-02]
 [  2.11998031e-04   2.09625037e-01   9.39926870e-02   1.17589045e-01
    8.28827055e-02   4.81650178e-02   2.03398262e-01   2.04534451e-01
    3.96007959e-02]
 [  3.38439520e-03   1.74803578e-01   2.96578392e-02   7.94763278e-02
    2.45648924e-01   9.56200658e-02   1.71224558e-01   1.72010417e-01
    2.81738947e-02]
 [  6.41695552e-01   7.41770006e-02   3.36491496e-02   5.99047748e-02
    1.14288606e-02   2.74235650e-02   6.96423447e-02   6.91918386e-02
    1.28869141e-02]
 [  4.34036431e-01   1.05887728e-01   2.98911843e-02   5.98260184e-02
    8.50076738e-02   6.88851191e-02   1.02595670e-01   1.03960772e-01
    9.90940361e-03]
 [  3.34573333e-06   2.05030022e-01   6.72387074e-02   5.38093690e-02
    1.05117665e-01   5.74761670e-02   2.05105143e-01   2.06272010e-01
    9.99475706e-02]
 [  2.16173906e-02   1.94391654e-01   2.03436795e-01   3.05257060e-02
    1.01071799e-02   8.60729554e-02   1.78324506e-01   1.77880966e-01
    9.76428480e-02]
 [  5.96189166e-01   9.59352772e-02   5.02531648e-02   3.66319151e-03
    7.55942916e-03   2.55670672e-02   8.86569820e-02   8.88156283e-02
    4.33600933e-02]
 [  1.53470820e-08   1.55828518e-01   1.78154663e-01   1.80463950e-01
    6.86573459e-02   1.60113812e-02   1.56511571e-01   1.57294017e-01
    8.70785381e-02]
 [  3.55360971e-10   1.48974947e-01   4.66560773e-02   9.79213783e-02
    3.79822061e-01   2.29788154e-02   1.47387750e-01   1.51374797e-01
    4.88417462e-03]
 [  2.21214761e-14   1.13619924e-01   1.79542101e-01   8.41829279e-02
    1.26846443e-01   1.20612171e-01   1.17092382e-01   1.16365000e-01
    1.41739050e-01]
 [  5.45398104e-11   8.58753306e-02   1.97005149e-01   1.59192796e-01
    8.91640928e-02   2.31903843e-01   8.78500594e-02   8.61603333e-02
    6.28483945e-02]
 [  8.11569912e-04   1.11407762e-01   4.83866323e-01   1.35247359e-03
    3.14324640e-02   2.94736484e-02   1.06477549e-01   1.04531252e-01
    1.30646958e-01]
 [  7.69743894e-11   1.38991585e-01   2.84372392e-01   3.03945218e-02
    1.03601462e-01   2.91768559e-02   1.39233958e-01   1.38975782e-01
    1.35253444e-01]
 [  9.17961343e-05   1.38580883e-01   4.37460333e-01   5.00921871e-03
    1.94953594e-02   5.83708155e-03   1.28524220e-01   1.27637576e-01
    1.37363532e-01]
 [  1.26381632e-05   1.48531726e-01   2.34547345e-01   3.22077343e-04
    1.66734224e-02   6.09062383e-03   1.37128442e-01   1.36174844e-01
    3.20518881e-01]
 [  2.00821023e-01   1.10435107e-01   3.88606553e-01   3.46135501e-02
    2.26973084e-02   6.37134807e-03   1.01181977e-01   9.95200976e-02
    3.57530365e-02]
 [  8.23471972e-12   1.27853521e-01   3.12451632e-01   8.26133268e-02
    8.66159901e-02   3.10588005e-02   1.28047196e-01   1.27112212e-01
    1.04247321e-01]
 [  2.24236121e-11   1.01657516e-01   5.61342138e-02   4.87764073e-01
    1.19160469e-01   4.15430755e-03   1.02480956e-01   1.03488103e-01
    2.51603620e-02]
 [  5.69326789e-03   1.68907615e-01   2.64334847e-01   4.02243294e-02
    1.12859387e-01   1.34842546e-02   1.63793169e-01   1.61012625e-01
    6.96905052e-02]
 [  5.45751956e-09   1.28732326e-01   2.09059192e-01   3.56754325e-02
    1.84187843e-01   8.43915999e-02   1.27613337e-01   1.25800867e-01
    1.04539397e-01]
 [  1.18800200e-13   1.33579552e-01   7.69170531e-02   2.59267527e-01
    1.90751708e-02   8.51370261e-02   1.36748915e-01   1.37449162e-01
    1.51825594e-01]
 [  3.65220995e-09   1.23095632e-01   3.83506829e-02   2.56994502e-01
    1.81305110e-01   1.42671551e-01   1.21321698e-01   1.24428147e-01
    1.18326720e-02]
 [  1.72962512e-11   1.50762689e-01   4.25457337e-02   5.66737374e-02
    1.58253238e-01   1.90958247e-01   1.55655394e-01   1.56540093e-01
    8.86108679e-02]
 [  1.11267309e-14   8.17404551e-02   1.10340310e-01   7.46899992e-02
    5.66275372e-02   4.61077881e-01   8.41905737e-02   8.31663786e-02
    4.81668647e-02]
 [  3.37886612e-14   8.49110854e-02   1.83720988e-01   2.00968558e-01
    5.20216828e-02   2.52785416e-01   8.96171544e-02   8.86504131e-02
    4.73247029e-02]
 [  1.04894900e-13   1.45121564e-01   1.25894393e-01   2.54748895e-02
    1.88182383e-01   7.41594200e-02   1.49516849e-01   1.50620238e-01
    1.41030263e-01]
 [  2.84623369e-15   1.47291812e-01   1.49981180e-01   4.27282498e-02
    9.44968337e-02   7.35179534e-02   1.53077381e-01   1.54208653e-01
    1.84697938e-01]
 [  8.82061642e-05   1.32667981e-01   1.45801336e-01   2.09938081e-01
    1.02436364e-01   1.00474251e-01   1.23988085e-01   1.22715899e-01
    6.18897965e-02]
 [  1.63798722e-02   8.91872135e-02   4.58255574e-02   5.87027458e-01
    2.84455059e-02   3.75727415e-03   9.10587122e-02   9.18535995e-02
    4.64648073e-02]
 [  2.52898923e-08   1.51048377e-01   7.09904373e-02   2.47451502e-01
    1.21033153e-01   5.04299214e-03   1.56131124e-01   1.56770374e-01
    9.15320156e-02]
 [  1.04073596e-05   8.58864219e-02   4.55747412e-02   5.80867681e-01
    7.52561687e-02   1.54340919e-02   8.75168341e-02   8.78061361e-02
    2.16475179e-02]
 [  3.07586611e-07   8.47717508e-02   1.70177118e-01   4.99086154e-01
    4.91279288e-02   3.35069495e-04   8.60785895e-02   8.64025997e-02
    2.40204820e-02]
 [  1.32745446e-08   1.14760396e-01   1.53664638e-01   1.80874184e-01
    1.95280325e-01   5.17519671e-02   1.17015562e-01   1.15964214e-01
    7.06887007e-02]
 [  3.36193062e-07   1.25243560e-01   6.28977570e-02   3.29484799e-01
    1.48639766e-01   1.66629053e-02   1.25256623e-01   1.26906882e-01
    6.49073704e-02]
 [  2.45256397e-10   1.22416800e-01   1.23296732e-01   1.96095354e-01
    4.57100950e-02   7.75327321e-02   1.25901750e-01   1.24882014e-01
    1.84164522e-01]
 [  7.81622383e-02   1.43022154e-01   3.35385242e-02   7.14502253e-02
    2.84431419e-01   7.68486719e-02   1.42252883e-01   1.42226444e-01
    2.80674392e-02]
 [  5.47051899e-01   9.15061239e-02   2.60051232e-02   1.56386086e-02
    6.98131252e-02   1.89232050e-02   8.92722820e-02   8.96676245e-02
    5.21220091e-02]
 [  1.11341414e-10   1.26400979e-01   8.37968470e-02   8.86728425e-02
    1.35082136e-01   2.18467898e-01   1.30465663e-01   1.30345510e-01
    8.67681241e-02]
 [  8.89814490e-04   1.65272299e-01   6.39822873e-02   2.18189705e-01
    1.50780446e-01   1.68998697e-02   1.63971121e-01   1.63452603e-01
    5.65618544e-02]
 [  9.04340690e-07   1.30672406e-01   1.94170096e-01   1.88291300e-01
    1.06237121e-01   2.89081430e-02   1.29527655e-01   1.27542454e-01
    9.46499205e-02]
 [  1.57591404e-09   1.59507149e-01   4.25673473e-02   1.46131832e-01
    2.18150870e-01   7.41942211e-03   1.63341946e-01   1.65517192e-01
    9.73642395e-02]
 [  8.46856947e-12   5.71746338e-02   4.41659102e-02   2.28163993e-01
    3.90035979e-01   1.60305322e-01   5.77270206e-02   5.78581360e-02
    4.56900510e-03]
 [  4.36164804e-10   1.17734945e-01   9.30852830e-02   3.55813026e-01
    1.08149746e-01   3.38524152e-02   1.18850319e-01   1.17373788e-01
    5.51404771e-02]
 [  1.16048143e-10   9.26251139e-02   5.72091336e-02   1.11162870e-01
    5.42470623e-01   2.08065470e-03   9.34474145e-02   9.50607506e-02
    5.94343950e-03]
 [  7.02734220e-07   8.05105078e-02   1.39089960e-02   1.65530612e-01
    5.72773432e-01   2.99899055e-03   8.07693530e-02   8.27677768e-02
    7.39629304e-04]
 [  3.13965301e-13   8.71005289e-02   8.31629429e-02   1.29504826e-01
    4.60933626e-01   2.44325475e-02   8.93572629e-02   8.93028264e-02
    3.62054397e-02]
 [  2.67749061e-05   1.12103758e-01   2.82838324e-01   1.41963980e-01
    1.18390569e-01   7.86865721e-02   1.07669479e-01   1.05804560e-01
    5.25159816e-02]
 [  1.95623694e-10   1.26533112e-01   4.06110113e-02   5.33459129e-02
    3.94457921e-01   1.64748254e-02   1.29062340e-01   1.29673250e-01
    1.09841628e-01]
 [  5.66625387e-12   1.18550432e-01   5.23805493e-02   4.78662491e-02
    4.96733521e-01   3.45069508e-03   1.17173235e-01   1.19351033e-01
    4.44942853e-02]
 [  8.86034701e-10   9.71058946e-02   1.21548884e-01   2.92311586e-01
    2.50646335e-01   1.66321359e-02   9.68079183e-02   9.81836628e-02
    2.67635833e-02]
 [  7.31232879e-17   1.04178326e-01   9.97391579e-02   4.31106352e-02
    3.62865924e-01   4.11718710e-02   1.06663974e-01   1.07200840e-01
    1.35069272e-01]
 [  4.28781507e-14   9.58996345e-02   7.08569254e-02   3.32703573e-02
    3.28215429e-01   1.19707003e-01   9.66478413e-02   9.66598752e-02
    1.58742935e-01]
 [  1.40699743e-17   9.76246609e-02   1.45013201e-01   1.25809908e-01
    1.97117100e-01   1.35770182e-01   1.02546595e-01   1.02852788e-01
    9.32655653e-02]
 [  5.98516782e-10   9.97458186e-02   2.71756440e-02   2.12391410e-02
    5.01992657e-02   6.10618634e-01   9.41250714e-02   9.67627027e-02
    1.33721733e-04]
 [  5.56348388e-10   1.48587916e-01   1.54476297e-02   5.57053509e-02
    3.46288095e-01   1.21334351e-01   1.50736886e-01   1.52168013e-01
    9.73175794e-03]
 [  2.29567595e-06   8.71734923e-02   3.70722847e-03   3.24907180e-02
    7.04162127e-02   6.40613866e-01   8.15175051e-02   8.40782800e-02
    4.01741128e-07]
 [  5.74251558e-11   1.39414247e-01   2.66401038e-02   2.90963060e-01
    6.22771659e-02   1.44069531e-01   1.43794404e-01   1.46281453e-01
    4.65600360e-02]
 [  3.74550757e-12   1.22748933e-01   7.14408941e-02   2.26782497e-01
    2.17660067e-01   9.24907994e-02   1.26151506e-01   1.27997394e-01
    1.47279099e-02]
 [  5.34991524e-10   7.82148958e-02   4.25689971e-02   1.90809723e-01
    8.49663598e-02   3.48885876e-01   8.16985473e-02   8.15414118e-02
    9.13141884e-02]
 [  2.46178946e-07   1.26740059e-01   1.14037834e-01   2.06304484e-01
    1.64869488e-01   6.08763326e-02   1.24846702e-01   1.24337539e-01
    7.79873158e-02]
 [  6.28178306e-08   1.42053123e-01   1.02019742e-01   9.58270684e-02
    2.39901060e-01   9.30852539e-02   1.42911736e-01   1.43472572e-01
    4.07293819e-02]
 [  8.74853892e-16   7.57037475e-02   2.95695571e-01   1.51825313e-01
    2.19395937e-02   2.23990357e-01   7.90932877e-02   7.81871096e-02
    7.35650203e-02]
 [  5.00798683e-15   7.97143830e-02   3.63686621e-02   1.55343882e-01
    1.49303813e-01   2.60975334e-01   8.52377456e-02   8.54016092e-02
    1.47654571e-01]
 [  4.41021539e-12   7.67326978e-02   4.02721664e-02   1.41055582e-01
    1.20299683e-02   3.57172933e-01   7.69413100e-02   7.78496710e-02
    2.17945671e-01]
 [  9.10831867e-10   1.08913318e-01   2.39399037e-02   1.52237937e-01
    3.45361220e-02   2.98168445e-01   1.14408610e-01   1.15207965e-01
    1.52587697e-01]
 [  2.78016775e-19   8.38971880e-02   1.58361054e-01   1.23794425e-02
    1.09424694e-01   1.91315330e-01   8.85637145e-02   8.82872292e-02
    2.67771348e-01]
 [  7.85899020e-11   1.39085299e-01   4.78811898e-02   1.00350495e-01
    1.44953479e-03   4.76431363e-02   1.33736739e-01   1.36719236e-01
    3.93134370e-01]
 [  1.32075421e-17   7.26536560e-02   6.93289952e-02   3.77935445e-02
    2.66084907e-02   4.20787662e-01   7.62999152e-02   7.64597620e-02
    2.20067974e-01]
 [  3.07696236e-15   1.35370259e-01   1.07101409e-01   2.87897144e-02
    2.86054095e-02   6.25106622e-02   1.38636906e-01   1.39662804e-01
    3.59322836e-01]
 [  1.40445277e-10   8.96267119e-02   3.02716578e-02   2.39219569e-01
    2.81977314e-01   2.21476065e-02   9.42971292e-02   9.42894069e-02
    1.48170605e-01]
 [  4.38445862e-09   1.25567512e-01   1.18571243e-01   8.31286778e-02
    1.95547977e-01   7.44789630e-02   1.24802798e-01   1.24297343e-01
    1.53605481e-01]
 [  2.89753876e-01   9.78412589e-02   2.27198696e-01   8.46254597e-02
    4.97934253e-02   3.39497496e-02   9.13848275e-02   8.99122525e-02
    3.55404549e-02]
 [  3.31392234e-08   1.44385581e-01   6.18491853e-02   1.40316556e-01
    7.84041306e-02   1.41817627e-01   1.45567890e-01   1.46549688e-01
    1.41109309e-01]
 [  2.45214211e-08   1.49128184e-01   1.45652171e-01   1.51879104e-01
    6.91322446e-02   6.06186883e-02   1.52972515e-01   1.52873272e-01
    1.17743796e-01]
 [  6.07047292e-09   1.17437768e-01   6.88373930e-02   1.94831866e-01
    5.60604531e-02   2.27977756e-01   1.19162143e-01   1.19580619e-01
    9.61119952e-02]
 [  3.84759577e-07   2.04176995e-01   4.52834455e-02   1.05042341e-02
    1.48691921e-01   1.65520843e-02   2.02661018e-01   2.02925566e-01
    1.69204351e-01]
 [  4.43485733e-11   1.29933354e-01   3.68768282e-02   9.26704157e-02
    2.19332434e-01   1.94222420e-01   1.28206576e-01   1.29673665e-01
    6.90843078e-02]
 [  8.25134855e-12   8.74750566e-02   3.58463555e-02   1.00469251e-01
    7.55046070e-02   4.36252301e-01   8.98633664e-02   9.04266847e-02
    8.41623773e-02]
 [  3.86760969e-15   1.42245983e-01   5.59875817e-02   1.47608858e-02
    3.39010150e-02   1.95688506e-01   1.50738535e-01   1.51078565e-01
    2.55598929e-01]
 [  2.48107308e-02   1.64973120e-01   2.08603919e-01   6.43677544e-02
    9.56652291e-02   5.63018383e-02   1.60716446e-01   1.58860511e-01
    6.57004513e-02]
 [  7.66531850e-10   1.20876398e-01   7.12609084e-02   1.59704312e-01
    3.03330148e-02   1.93406504e-01   1.23338356e-01   1.24930442e-01
    1.76150064e-01]
 [  3.19471803e-09   1.33244923e-01   1.45483342e-01   1.55225530e-02
    1.37419337e-01   1.66487584e-01   1.33522343e-01   1.32367534e-01
    1.35952380e-01]
